116
100 3 2
10 30.0
15 70.0
20 70.0
50 3 2
20 50.1
10 60.2
5 70.3
100 1 1
10 25.0
25 1 1
15 25.1
25 1 1
20 25.0
100 3 1
10 25.0
15 25.0
7 25.0
100 5 3
10 50.0
10 50.0
10 50.0
10 50.0
10 0.1
100 5 5
10 20.0
10 20.0
10 20.0
10 20.0
10 20.0
493 7 7
781 13.6
142 94.0
412 14.5
448 40.3
209 28.2
977 91.2
589 19.3
737 88 2
159 99.0
282 72.6
39 4.5
696 10.5
201 17.7
284 83.0
846 80.8
265 66.0
800 15.6
473 87.8
686 97.1
994 6.6
166 7.2
147 1.0
149 18.3
92 49.1
871 57.4
526 89.9
137 80.6
705 65.1
919 6.5
492 32.2
219 2.8
501 8.7
863 66.5
697 87.7
371 31.3
752 77.9
232 98.7
17 1.5
100 43.1
355 31.3
669 95.9
551 48.6
51 57.8
226 30.4
843 79.6
16 98.9
500 64.5
361 38.1
524 23.8
455 63.1
796 83.2
378 55.5
564 34.2
778 9.2
686 90.4
430 19.2
274 90.4
405 26.7
399 65.5
186 46.2
394 53.3
998 15.8
252 88.8
972 45.0
434 89.7
177 80.1
982 43.0
238 75.5
987 81.3
45 98.6
748 43.7
451 83.0
418 85.9
111 59.9
17 40.6
24 94.2
111 12.0
421 25.9
95 62.6
333 86.1
325 72.8
222 21.8
532 84.8
12 23.3
522 5.1
529 13.2
714 31.8
65 74.0
56 69.6
875 56.0
852 83.4
595 16.6
636 63.3
85 95.1
63 99.7
987 4.2
295 86 4
85 96.3
847 26.1
667 40.5
971 27.2
244 72.1
955 99.7
496 27.3
351 26.4
921 8.0
179 23.2
379 13.9
237 13.9
44 35.7
824 12.7
156 33.5
563 37.3
462 59.2
188 93.9
56 47.6
905 94.2
879 95.4
466 62.7
750 80.5
569 8.7
927 2.5
656 75.0
77 71.1
93 16.8
674 95.9
732 63.6
648 18.1
597 31.9
526 13.8
956 84.2
669 46.6
719 40.9
391 4.1
227 76.0
522 87.1
995 86.4
237 38.0
311 9.1
289 65.5
118 43.1
949 97.7
655 37.1
62 22.4
486 96.7
694 26.7
756 32.3
383 41.5
384 41.7
756 37.9
951 91.4
27 26.4
54 27.8
386 35.1
899 9.8
182 79.6
180 48.3
436 30.7
651 95.1
852 42.2
380 15.7
435 47.0
71 63.9
285 45.5
503 86.4
101 70.6
378 24.5
49 14.4
998 42.1
917 46.8
815 35.1
92 9.7
689 22.1
111 76.4
636 45.5
75 20.5
159 45.4
270 13.8
158 61.8
967 91.0
599 40.8
73 17.4
23 11.2
697 49 10
566 58.8
908 72.5
293 89.9
800 81.7
585 61.8
956 15.3
756 96.5
984 54.7
268 97.4
813 64.2
38 35.3
731 53.4
99 95.6
47 48.0
1000 75.8
157 73.3
129 79.4
950 73.7
17 74.5
66 66.6
622 27.1
794 36.6
590 29.0
475 13.7
766 83.9
375 59.5
9 73.6
961 51.4
926 47.4
958 5.3
546 92.6
49 87.8
817 45.9
980 78.6
549 56.9
65 88.1
196 11.9
569 58.4
526 50.7
218 52.8
310 87.6
796 80.4
706 12.7
328 66.1
252 48.1
45 11.2
767 47.7
414 60.0
275 95.7
323 44 4
709 32.9
597 36.3
558 95.6
639 34.6
422 64.2
566 14.5
913 23.1
25 54.8
852 94.6
390 50.1
246 76.7
450 76.1
466 99.6
466 88.1
640 35.9
690 64.0
4 84.0
683 83.9
174 16.5
292 68.1
522 26.8
988 56.4
601 98.0
815 56.8
546 39.7
570 46.1
441 92.7
662 26.4
894 45.6
180 87.0
676 94.2
922 76.7
309 50.6
11 89.0
176 25.0
806 28.2
581 12.7
444 52.0
26 81.8
835 29.1
624 90.7
220 89.9
174 4.7
878 96.8
37 33 5
51 94.8
218 90.3
424 86.6
458 80.6
301 23.5
182 53.9
660 52.0
80 76.4
285 9.2
894 56.0
902 95.4
264 95.6
595 30.8
418 31.3
914 61.2
140 52.9
607 90.9
228 91.8
467 70.9
463 5.5
742 66.4
588 72.5
134 70.9
57 18.2
461 81.8
416 90.0
254 66.0
725 55.0
989 39.4
63 63.5
945 31.6
524 51.2
702 4.8
87 78 8
699 52.6
639 88.2
671 33.6
84 57.0
818 9.7
848 38.1
588 76.8
828 95.8
154 56.0
954 93.7
177 25.7
904 27.9
35 77.0
578 41.0
567 27.8
876 11.7
975 14.8
749 4.5
165 79.0
178 51.2
680 10.8
922 11.0
993 77.6
979 88.1
562 94.5
482 19.5
479 43.6
768 46.6
876 40.3
807 37.8
338 32.1
671 80.1
102 12.8
667 83.7
256 15.0
17 25.9
734 38.6
322 35.6
939 45.8
91 58.5
35 37.4
641 83.3
270 11.5
890 4.5
702 39.0
360 67.5
28 76.8
523 85.6
598 83.4
365 92.0
528 16.5
603 39.5
483 94.9
26 6.0
441 38.3
36 23.6
638 84.2
153 48.7
812 18.4
113 6.6
111 84.3
542 32.6
903 21.4
283 82.2
279 65.2
661 78.8
858 37.2
620 11.5
519 32.1
469 72.6
97 22.3
563 98.7
840 87.3
813 46.8
696 40.1
336 43.6
814 97.3
645 70.6
911 59 2
354 57.9
783 99.4
512 48.0
487 31.0
950 69.4
496 67.9
295 1.6
995 81.8
722 53.5
426 61.0
152 42.0
747 50.3
730 54.5
233 18.1
929 18.2
596 34.7
50 81.4
782 56.2
599 18.5
220 46.2
733 27.9
502 86.9
643 39.5
382 37.3
709 77.2
162 1.3
118 98.4
921 34.8
171 86.5
712 12.8
443 73.5
462 40.5
976 79.6
347 34.6
13 84.7
570 54.5
347 36.6
191 68.2
203 77.8
337 49.2
62 43.0
471 90.3
360 34.0
987 99.3
916 62.5
115 92.7
247 59.2
179 53.0
989 86.4
924 78.8
919 82.8
190 53.5
236 51.8
226 87.8
970 13.4
138 42.1
112 67.0
497 20.9
595 91.0
352 26 5
129 37.4
263 29.7
536 86.0
187 23.9
349 13.6
401 98.7
926 48.9
481 85.1
891 92.8
951 36.3
532 6.0
705 5.8
966 71.4
381 89.3
817 93.1
342 98.3
238 61.2
308 57.4
553 11.8
131 84.0
771 11.2
617 70.2
990 85.6
560 47.6
210 12.1
220 23.2
355 79 4
733 13.7
940 49.2
100 32.4
54 11.5
501 76.7
381 50.1
705 95.9
21 2.5
76 54.7
17 29.9
194 58.9
929 22.4
332 1.4
181 51.4
912 3.6
843 33.2
597 32.1
932 23.5
131 18.8
723 22.2
563 48.7
1000 40.2
45 58.3
751 4.4
29 55.0
884 81.2
676 20.4
875 77.0
995 86.4
7 5.4
459 75.9
550 96.3
791 41.3
554 13.9
131 73.2
389 76.8
56 29.9
364 50.6
30 60.0
306 96.0
451 23.2
949 7.2
501 23.9
167 22.1
107 40.9
322 84.4
124 2.0
775 98.8
531 38.7
344 92.4
530 86.8
742 57.5
506 26.7
547 48.1
77 39.4
985 59.8
631 18.2
936 33.7
142 58.4
800 40.7
565 1.6
713 80.7
600 23.3
82 79.0
960 50.8
361 57.7
279 26.7
729 43.9
809 60.9
256 15.1
983 61.8
343 33.6
119 39.9
696 37.7
235 49.9
712 95.3
198 23.6
848 23.0
384 60.2
282 25 6
53 51.5
168 85.7
450 48.5
465 69.4
435 76.9
886 95.5
837 38.5
15 81.4
562 41.6
192 10.1
262 66.5
147 90.9
983 93.6
154 48.4
283 41.6
793 12.6
448 74.7
657 95.0
368 18.7
362 96.1
32 53.4
968 80.1
684 37.9
164 56.6
679 36.2
162 87 9
140 39.2
564 31.5
406 37.8
873 58.4
711 3.1
858 6.8
962 22.1
798 14.2
362 10.9
877 66.4
558 20.9
65 49.0
204 93.4
608 58.5
398 19.7
267 67.3
509 69.9
765 83.6
369 38.1
121 82.8
899 6.2
833 90.9
184 78.6
395 41.2
285 28.6
39 64.5
797 63.2
685 47.3
540 23.7
576 97.3
989 68.7
676 58.4
255 44.6
882 45.9
401 43.0
172 40.7
30 50.4
544 42.8
386 23.9
674 4.6
802 17.3
194 86.6
419 45.6
869 38.6
275 37.7
150 61.2
276 67.5
361 65.7
258 43.8
430 2.4
252 80.7
214 9.3
216 85.3
667 95.0
422 44.9
574 24.0
983 75.1
370 1.7
656 15.9
21 71.7
104 51.5
932 70.9
464 12.4
613 76.9
989 60.7
292 91.7
801 72.0
98 77.6
792 23.1
692 2.7
404 48.0
426 84.5
443 67.2
256 6.4
738 17.6
585 45.2
898 99.1
495 48.9
354 23.1
563 76.9
950 7.0
78 67.7
262 39.0
466 19.9
292 48.9
535 93.6
371 75.7
618 86 8
549 33.0
729 98.5
33 9.5
634 69.1
447 50.9
432 75.6
240 64.3
5 98.3
581 32.1
808 59.6
556 27.7
666 41.7
355 35.1
966 44.0
426 13.9
504 99.6
253 5.8
903 31.5
644 69.5
701 22.7
832 9.2
884 60.8
49 46.6
616 85.2
625 29.7
573 35.1
977 6.3
412 59.7
860 57.0
524 34.9
104 3.6
535 61.1
600 17.1
117 82.6
457 14.4
684 17.6
322 44.6
52 95.1
13 45.3
773 61.9
104 50.8
679 69.9
332 85.9
932 57.6
63 99.9
341 10.0
347 56.9
475 99.7
31 18.6
62 9.8
903 7.5
978 69.7
54 88.1
797 23.3
570 15.3
312 81.8
154 22.2
242 95.7
843 38.9
93 41.8
339 73.5
964 51.5
644 71.3
454 18.2
888 87.2
230 15.5
934 73.5
762 51.6
697 57.5
80 97.5
503 96.8
884 9.4
229 53.3
9 78.3
127 95.7
921 14.9
478 26.3
571 27.1
623 37.9
796 47.6
946 46.2
431 14.3
156 10.9
446 55.4
291 60.6
561 48.9
379 64 5
868 65.3
473 49.8
806 71.8
254 72.7
819 29.0
431 54.2
797 64.7
806 53.5
158 17.0
460 60.7
923 88.2
41 1.1
268 64.9
987 10.8
347 37.2
686 84.3
498 98.1
925 25.5
133 78.8
423 74.9
160 58.7
373 18.6
486 5.1
199 38.7
274 10.4
229 69.0
96 59.3
756 27.4
572 3.9
416 39.6
50 28.0
966 28.5
83 46.2
119 18.7
681 21.5
169 13.4
568 50.7
216 54.9
744 75.6
200 42.9
16 33.2
500 88.0
518 35.4
835 81.7
802 11.2
360 16.0
767 47.5
562 90.2
360 95.6
295 96.0
317 94.5
499 16.2
913 96.7
438 82.4
463 40.7
41 61.4
837 69.1
177 22.6
305 90.2
621 79.5
321 96.2
588 44.1
910 42.8
378 43.2
645 42 8
228 81.8
211 36.4
28 39.0
124 90.6
295 25.0
837 72.3
689 51.0
979 50.8
721 77.9
493 17.8
170 74.1
469 5.3
898 87.6
258 50.3
156 25.7
797 71.9
741 47.3
751 84.3
883 82.1
948 94.5
649 16.9
190 11.2
446 33.1
301 12.3
989 79.4
4 89.9
385 64.5
471 78.7
880 82.5
406 54.0
615 48.6
594 89.0
1000 42.9
668 45.6
375 98.1
237 97.3
948 14.1
420 27.4
160 16.9
191 62.0
203 79.2
25 31.3
152 55 10
107 19.2
662 39.7
357 51.6
50 16.4
329 12.6
28 1.6
20 45.6
670 9.5
2 78.1
126 17.4
130 83.2
894 1.0
299 38.1
626 67.5
600 71.7
319 43.4
693 52.0
812 65.7
809 12.1
540 32.2
91 16.0
233 51.2
251 8.4
393 13.0
165 73.0
438 68.9
612 96.7
295 96.9
380 72.3
625 90.3
914 12.7
988 86.1
831 85.2
935 73.4
375 41.3
549 15.3
524 7.7
222 31.1
708 3.3
134 3.1
82 31.9
972 78.9
365 3.4
730 34.9
886 54.9
416 57.1
356 86.4
798 55.0
467 77.2
655 97.3
937 45.5
203 9.6
415 74.7
330 2.1
626 20.2
212 14 5
131 83.1
478 28.1
382 20.2
261 72.8
91 91.7
196 56.2
728 24.0
989 79.1
950 95.8
442 97.7
402 92.9
518 95.7
375 61.7
291 56.4
487 25 1
954 42.4
932 97.2
275 90.5
445 5.7
248 23.9
470 77.5
286 65.1
305 16.5
376 11.2
242 78.6
361 79.0
453 73.9
979 11.0
967 21.4
217 36.4
311 13.6
63 48.7
632 50.3
227 33.5
707 22.7
786 46.9
827 43.9
796 67.2
891 70.1
949 36.5
50 81 5
898 9.1
604 64.8
75 52.9
689 84.4
194 42.3
796 98.5
218 78.1
497 81.0
804 40.0
75 6.6
306 79.5
44 34.8
997 59.6
567 80.8
548 90.2
969 34.6
635 14.9
28 95.9
500 94.9
498 21.1
726 45.7
59 49.9
587 72.5
131 59.7
62 19.0
640 15.0
86 41.5
140 57.4
296 63.9
522 85.9
763 70.6
682 11.0
925 6.6
998 1.7
598 1.8
163 98.6
332 2.9
469 63.5
887 35.4
528 43.3
543 13.5
663 6.9
550 41.3
255 59.0
604 48.4
30 32.2
378 47.9
337 84.2
325 92.2
951 95.2
190 37.6
416 50.0
987 63.5
549 29.8
598 53.9
364 49.5
878 18.8
552 89.9
705 2.5
471 74.1
240 30.1
974 39.5
735 73.1
671 94.4
667 84.8
304 28.3
789 82.8
611 34.3
329 93.2
496 84.8
327 5.8
746 8.6
459 89.4
1000 91.6
582 63.3
335 97.6
68 93.5
437 57.0
874 6.0
768 30.2
567 11.4
750 64 3
730 40.3
945 93.6
493 75.0
391 85.3
17 73.9
268 25.1
180 60.5
122 23.0
139 97.0
147 43.6
701 98.8
455 35.7
41 6.6
808 82.6
950 34.7
162 57.2
842 56.6
740 29.2
248 25.7
334 61.4
547 56.0
69 53.6
201 47.9
888 35.2
97 23.8
941 6.6
876 98.1
766 78.5
452 62.6
424 27.1
639 58.2
32 97.0
822 24.6
966 46.1
271 9.5
351 84.7
708 83.8
49 46.7
992 72.5
37 81.7
213 16.5
80 24.1
351 49.4
405 14.8
801 1.0
157 63.9
811 44.5
916 85.0
204 4.7
67 33.1
681 50.7
830 29.1
499 26.1
459 23.3
400 62.0
437 87.6
46 23.6
8 46.0
117 18.2
151 51.1
632 88.8
737 94.6
808 21.5
719 89.0
427 59 7
710 11.1
246 43.3
662 30.9
640 9.6
654 33.8
321 75.0
834 9.0
5 70.3
303 85.4
461 6.4
887 46.7
7 60.2
214 83.4
740 98.0
525 92.8
115 31.8
538 5.0
53 68.2
66 55.8
704 25.8
611 16.7
137 5.5
840 90.9
639 83.6
432 91.1
479 50.3
121 65.8
878 22.2
105 12.7
88 81.6
809 46.0
833 27.1
761 1.7
645 99.4
180 57.9
723 46.6
760 66.4
87 92.0
825 37.5
620 93.1
503 5.8
136 43.3
735 41.8
59 65.5
284 49.7
209 79.4
494 43.1
607 61.4
912 12.2
924 26.2
512 44.4
392 35.6
958 92.6
939 44.5
833 66.7
107 51.3
158 25.3
481 42.5
972 44.6
294 28 2
434 14.6
639 21.9
775 72.8
281 1.8
592 38.0
290 51.0
761 36.0
974 61.7
553 84.7
428 38.2
170 80.8
419 40.8
952 69.6
543 80.7
99 39.7
230 60.8
870 30.8
370 66.1
103 86.0
967 48.1
605 30.0
613 18.9
569 34.5
437 10.4
667 70.8
855 45.8
928 23.1
706 89.0
17 72 8
475 85.2
88 49.3
88 39.5
595 97.7
143 16.9
241 61.5
105 59.6
562 54.8
69 14.5
885 73.3
354 95.9
952 85.7
229 29.6
37 42.0
320 87.4
275 75.3
219 85.5
668 18.3
734 69.0
749 49.6
125 33.2
480 57.8
741 55.4
617 48.0
345 84.7
101 96.4
581 75.4
642 29.1
309 70.9
484 53.1
484 88.0
729 33.5
646 23.7
852 72.9
181 60.0
733 18.9
421 42.0
303 86.6
363 34.0
847 90.5
7 50.3
727 8.2
926 61.6
613 28.8
61 73.9
673 4.8
733 33.0
750 30.1
764 70.1
986 85.1
660 80.6
663 93.7
829 54.3
529 71.9
32 79.9
605 61.8
407 15.1
596 39.8
746 31.7
828 5.1
244 79.4
639 33.8
513 56.5
366 19.7
778 39.0
273 40.3
595 72.3
727 90.2
588 69.6
440 9.1
133 77.1
280 99.5
888 58 9
160 13.6
929 42.4
697 30.7
938 80.8
872 34.6
624 99.7
12 46.1
609 94.3
293 88.9
737 61.4
862 7.9
512 98.6
233 32.9
201 31.9
577 73.1
152 42.8
774 3.7
491 43.1
832 95.2
53 29.0
71 22.9
353 26.8
353 17.8
718 68.3
823 17.6
532 74.2
425 89.8
897 66.7
606 74.1
825 65.8
44 38.8
399 45.4
216 95.0
245 90.7
331 68.7
628 53.5
968 88.3
683 29.2
42 51.7
786 67.3
292 6.6
99 46.9
98 94.1
191 31.7
817 26.9
862 47.4
123 1.5
300 48.4
746 60.4
15 55.0
70 57.8
575 70.7
309 67.6
124 49.3
1 56.0
915 91.2
902 97.7
830 38.7
715 55 8
359 95.7
135 9.0
798 93.2
675 77.1
293 63.2
623 99.4
161 38.6
683 77.1
812 93.2
145 2.0
925 85.0
714 79.9
928 42.9
80 51.7
292 43.9
321 18.3
97 16.8
890 25.8
424 85.5
493 65.4
634 60.4
858 24.7
160 80.1
926 6.7
635 54.5
657 98.2
203 4.1
975 76.1
649 36.9
70 13.8
203 7.4
918 61.2
428 20.6
604 29.5
740 80.1
365 94.5
153 82.2
269 3.6
605 81.9
122 52.5
154 2.9
365 96.5
621 55.8
251 72.6
731 20.9
682 72.5
498 32.0
525 1.5
678 14.5
833 82.4
87 24.7
54 2.6
538 56.2
540 37.9
941 4.9
521 37 1
736 27.1
962 28.7
756 85.6
594 25.2
799 77.1
582 29.0
305 97.4
161 78.9
544 97.2
669 29.1
826 65.2
891 79.2
396 4.0
737 15.5
376 92.9
519 51.1
69 71.4
363 78.5
301 47.5
765 83.0
954 47.0
583 52.4
543 64.1
670 25.2
64 79.6
577 40.2
772 66.7
759 52.8
462 55.0
761 77.9
246 82.7
478 23.0
367 33.7
154 54.2
440 14.9
226 58.9
309 36.0
624 22 1
898 96.1
237 15.3
292 84.3
297 92.0
26 13.9
916 29.4
270 68.6
772 81.0
220 14.2
482 83.1
350 92.0
722 40.6
516 90.3
953 75.3
494 22.6
666 6.6
658 63.3
450 33.5
133 69.6
361 22.7
725 32.0
215 69.9
219 41 6
112 59.1
907 44.0
389 21.3
999 13.2
703 62.0
704 29.1
663 44.6
724 78.5
74 93.0
917 63.6
512 39.2
544 33.9
770 86.5
99 5.6
457 47.3
622 73.2
583 83.0
520 60.1
124 28.6
308 57.7
571 54.7
378 38.3
166 20.9
543 82.6
506 86.8
483 25.7
835 25.1
445 32.7
968 34.3
452 69.8
614 14.3
460 92.4
347 30.4
92 90.0
887 62.7
482 2.8
626 17.1
786 94.8
50 60.6
420 23.3
437 45.0
474 20 2
789 82.3
851 90.7
910 60.3
525 47.4
648 55.2
132 53.1
535 36.2
533 20.6
291 13.1
472 49.8
582 81.1
487 62.8
341 96.9
660 19.1
374 78.3
529 16.8
992 62.3
777 14.5
495 72.1
943 43.8
268 93 2
358 7.0
680 68.1
145 95.0
803 59.7
485 37.4
19 70.0
184 96.1
650 90.9
604 29.2
449 2.9
249 98.1
369 35.2
446 4.9
318 50.6
112 67.2
748 73.2
313 97.9
159 84.0
689 50.7
338 34.2
49 52.3
739 64.0
467 60.5
300 97.0
469 66.5
935 2.6
486 75.0
130 62.4
121 63.3
118 13.3
288 42.3
146 80.2
532 82.3
256 92.6
818 3.7
474 84.3
290 47.4
521 58.8
417 39.6
311 31.0
317 7.0
773 98.8
634 45.5
830 47.4
80 16.3
674 75.8
389 17.6
898 41.5
277 38.7
446 16.0
293 80.1
814 41.3
464 46.3
337 32.1
503 50.1
221 22.2
195 8.0
85 9.3
681 15.1
656 6.3
452 19.1
21 17.0
526 78.8
31 71.4
820 76.3
147 53.1
272 28.5
970 69.9
465 61.8
550 2.1
28 54.4
306 84.9
967 13.3
467 9.1
661 16.8
715 26.9
186 67.3
738 39.0
210 66.6
60 99.1
199 55.3
779 45.7
825 15.0
81 44.4
124 6.4
218 95.1
497 70.3
167 78.9
358 71.7
576 91.9
314 16.9
250 31.7
658 18.3
235 52 8
256 83.5
363 30.3
734 91.3
585 34.9
769 59.8
637 6.4
489 4.8
600 6.8
819 88.1
490 67.6
256 47.7
817 39.9
234 31.5
536 40.7
643 93.9
45 30.3
688 9.5
617 3.2
624 76.4
775 25.8
638 29.3
698 18.0
119 5.7
532 53.8
914 81.0
555 85.1
381 32.7
928 71.7
529 34.3
560 35.5
381 97.5
338 85.4
104 12.6
935 63.9
84 78.6
497 54.3
518 59.1
18 41.2
827 97.2
248 57.8
149 17.8
71 99.4
491 60.1
736 27.7
201 78.6
613 17.1
548 28.5
676 21.2
423 60.3
769 16.9
856 73.2
442 43.5
258 99 2
729 87.4
286 15.4
976 85.2
242 68.8
152 72.1
217 16.0
516 6.9
343 96.3
507 75.5
938 87.8
912 94.0
949 39.3
890 91.8
275 35.2
741 67.8
600 56.9
930 86.9
159 59.3
846 31.9
634 32.0
145 17.3
806 49.0
368 49.9
514 23.8
931 44.1
749 1.1
792 67.8
344 56.5
141 9.4
405 66.7
948 17.9
854 44.8
207 46.4
611 2.4
790 58.4
458 36.6
382 73.4
185 90.5
181 86.7
178 1.7
210 68.3
636 19.0
158 58.2
463 63.0
260 39.4
13 4.9
99 60.7
501 58.4
156 12.8
612 5.3
522 82.2
914 51.0
697 60.6
938 56.8
248 13.8
301 98.3
282 66.7
5 39.8
95 12.5
97 58.4
404 64.3
242 26.2
461 5.5
467 55.0
435 38.8
366 30.1
61 21.4
864 9.0
22 39.8
670 71.6
923 40.0
331 18.5
61 90.5
225 15.7
820 59.0
574 6.6
430 43.5
674 75.8
52 57.4
119 37.2
520 43.7
762 48.5
19 58.5
885 12.1
294 79.1
454 72.6
610 63.9
795 11.6
424 90.8
293 68.4
601 80.5
660 44.1
422 74.1
773 64.6
4 93.1
312 59.9
222 74.0
967 59.0
655 9.6
254 6 3
431 22.5
424 24.3
974 25.3
275 88.6
957 77.8
441 99.8
650 33 10
2 6.5
439 52.4
626 88.4
240 14.5
220 43.8
511 70.3
170 96.7
859 81.9
235 72.2
393 36.0
755 33.4
844 76.8
706 38.9
87 82.5
340 8.9
104 83.5
495 19.3
108 37.5
935 42.5
66 8.0
244 90.2
806 22.2
348 47.1
978 39.6
674 96.3
625 88.7
494 59.0
422 38.4
888 29.6
993 23.7
469 92.5
15 32.0
723 30.2
375 77 4
371 28.5
230 21.3
982 94.2
192 38.8
844 58.2
336 64.5
676 17.2
33 2.0
304 24.8
807 65.6
315 31.9
270 64.3
787 75.9
474 14.6
92 7.9
796 65.9
31 68.0
831 7.6
529 55.2
237 6.5
128 50.2
519 16.3
734 72.9
972 15.3
296 32.1
586 8.2
155 24.4
305 80.4
405 9.4
60 90.8
505 62.1
519 6.9
248 24.8
520 3.5
756 84.3
59 54.8
775 34.8
595 1.3
944 47.1
142 52.5
934 74.8
515 75.3
847 11.5
710 21.3
257 87.2
664 51.4
730 54.2
409 75.9
662 98.1
875 81.2
838 29.8
531 14.8
369 18.7
542 27.5
65 82.4
729 83.1
543 48.4
180 98.6
773 31.2
230 64.9
400 61.9
241 66.2
604 11.4
965 90.9
423 56.5
300 21.5
998 75.2
880 83.6
636 24.5
324 71.4
799 89.8
304 80.5
76 62.0
912 88.4
165 71.5
877 93.2
823 53.0
866 25 6
176 30.6
984 98.6
795 33.8
470 60.9
179 62.4
670 90.5
120 99.2
391 43.7
555 62.4
735 87.5
851 58.5
146 7.3
773 80.3
375 48.4
983 62.0
22 61.8
605 4.5
700 55.5
129 49.2
923 68.2
108 1.2
392 53.6
82 26.5
522 40.6
258 91.0
384 98 6
691 13.9
637 20.2
772 79.8
750 88.3
541 83.9
888 84.1
528 22.6
683 71.0
231 21.7
583 3.5
40 76.3
912 42.0
644 39.9
953 20.0
116 71.2
487 31.8
595 60.2
53 67.9
130 74.8
84 62.6
201 16.0
19 68.8
810 92.6
57 91.9
501 74.1
205 73.9
358 70.6
602 45.0
218 33.1
431 55.8
359 20.0
205 64.5
875 96.1
723 18.5
814 71.8
38 64.9
914 81.3
546 59.9
369 46.6
785 42.7
601 57.6
575 5.9
12 65.3
17 31.8
885 79.6
430 99.3
915 88.0
527 27.9
288 97.4
932 43.6
926 84.6
438 98.9
783 28.1
551 60.8
85 52.0
494 3.1
668 52.2
354 99.4
660 61.2
254 5.1
596 36.3
209 49.5
472 69.7
408 46.1
19 31.9
667 69.2
610 56.8
191 43.1
662 49.7
735 1.5
539 34.6
459 66.3
370 86.3
271 97.8
330 90.6
943 80.5
773 60.2
564 7.0
450 16.9
361 93.8
274 65.1
977 39.3
184 58.0
484 9.5
904 97.8
324 94.8
548 75.2
122 1.2
661 47.1
41 44.4
334 26.5
61 35.0
519 21.8
721 40.3
147 50.4
751 52.8
420 82.4
891 87.6
352 15 4
160 6.3
187 88.7
664 9.6
438 41.5
455 11.9
834 96.2
420 44.4
399 91.1
924 75.9
449 15.7
180 50.3
168 77.7
541 66.9
192 97.0
74 89.9
800 74 5
78 4.9
493 22.5
280 17.0
113 79.5
870 5.6
809 73.4
563 38.6
108 83.7
238 98.7
203 73.9
911 28.3
34 97.4
116 19.0
365 62.2
979 29.5
407 4.3
865 92.7
406 92.8
85 69.6
490 45.6
879 52.8
656 22.9
937 46.5
36 76.1
159 56.5
508 78.7
341 23.4
614 19.3
273 82.0
818 83.2
272 62.5
78 34.4
740 51.6
158 97.7
212 51.0
178 5.9
552 47.0
575 89.2
449 46.6
118 34.5
274 17.6
618 74.8
338 99.8
35 69.9
503 90.8
47 30.3
981 79.9
249 44.2
499 3.1
154 55.9
294 49.1
839 48.1
27 72.8
797 48.8
429 32.5
393 25.8
889 26.7
988 79.4
497 5.7
818 9.0
583 92.7
993 53.3
83 64.7
730 86.3
799 81.2
722 14.0
456 12.7
937 10.1
106 64.4
952 3.3
153 71.5
604 39.5
87 72.3
177 1.7
268 41 3
544 44.8
798 23.4
489 90.1
567 61.4
61 35.2
989 93.8
477 66.6
899 6.2
494 70.2
242 68.5
48 4.0
663 72.1
102 90.0
784 46.4
681 44.4
870 57.6
69 36.1
687 56.4
389 85.9
411 33.2
572 2.5
550 82.9
225 60.2
891 92.0
373 77.0
820 9.2
68 65.2
291 46.6
750 39.8
407 5.0
979 27.6
115 59.6
280 20.8
707 78.6
12 95.4
410 28.8
131 44.6
463 85.5
407 12.1
588 76.5
645 54.6
988 84 1
338 67.9
872 69.3
364 97.0
559 35.6
60 95.9
462 26.2
679 12.3
615 41.7
277 9.7
624 41.7
132 83.5
490 2.6
925 21.5
479 75.2
725 13.7
868 36.7
578 78.0
641 41.3
613 44.3
162 14.8
638 28.5
768 41.5
451 21.4
589 30.1
71 47.7
38 73.1
388 13.5
626 54.5
425 76.1
288 81.6
813 65.3
153 10.1
890 61.3
680 57.3
857 40.4
123 74.9
45 54.9
351 44.2
57 68.0
521 25.8
226 92.9
481 95.4
274 10.6
690 48.5
291 77.8
186 25.3
259 41.9
548 16.9
42 87.7
209 59.0
655 36.1
782 60.2
682 68.5
963 92.7
520 90.5
693 62.1
652 89.3
211 18.1
934 53.7
845 37.5
459 38.7
312 31.3
7 91.8
674 89.5
529 54.4
407 8.6
599 87.3
430 2.6
75 38.8
161 26.9
25 61.1
676 96.7
707 59.0
440 40.3
574 29.1
654 85.8
478 8.9
829 89.1
494 12.8
740 23.2
550 89.3
396 38.2
750 69.5
437 63.0
624 58 2
748 24.8
281 96.6
314 65.9
640 16.4
617 24.6
514 49.3
528 31.4
420 76.9
980 14.5
793 43.4
142 16.9
143 66.2
69 26.7
780 81.6
399 17.1
967 59.3
366 71.5
505 69.4
241 50.8
721 74.2
651 48.9
713 61.7
622 42.1
620 89.3
768 4.5
278 92.1
210 46.3
323 22.8
298 50.2
640 68.3
30 99.4
656 34.7
714 25.3
13 25.2
940 41.7
453 67.5
335 81.6
512 57.5
283 90.7
436 63.8
156 7.0
997 47.4
269 29.6
987 61.4
73 52.4
234 30.2
918 77.4
824 30.4
908 66.8
671 89.3
727 93.2
636 52.6
194 33.9
9 96.5
875 2.7
301 94.9
674 84.2
411 77.4
616 85 4
116 75.4
171 2.3
247 32.6
506 9.6
257 77.4
231 73.7
788 85.0
108 99.9
107 30.6
911 21.3
489 8.3
759 30.7
317 72.0
551 69.7
465 59.9
119 78.4
381 50.5
292 58.5
431 20.8
916 2.8
663 56.9
885 77.3
725 42.9
766 43.6
883 52.6
543 37.2
495 3.8
660 10.1
858 92.9
997 35.2
21 79.0
197 31.3
815 82.6
735 34.3
130 30.9
240 85.5
515 7.6
281 29.5
399 11.9
544 62.0
985 38.5
47 4.3
339 97.4
571 25.5
85 69.3
655 48.7
303 54.4
877 27.0
479 89.3
758 54.7
21 5.9
520 64.5
484 45.6
863 58.5
121 72.9
342 20.4
726 82.6
633 41.4
4 15.1
193 70.5
539 47.3
495 40.6
493 34.7
314 11.3
372 25.2
101 21.6
488 3.7
112 87.6
40 72.5
89 39.4
500 54.1
27 56.6
768 72.4
912 26.2
208 99.3
304 11.9
516 19.5
266 68.6
406 26.0
847 41.5
798 86.5
967 80.7
523 13.4
130 3.1
734 95.9
491 20 2
109 41.7
560 60.6
566 95.0
559 58.3
614 38.0
963 46.3
807 25.7
777 73.1
465 97.0
214 48.7
340 33.2
78 75.0
163 65.3
42 29.5
421 27.9
959 31.6
700 90.3
986 24.7
504 59.9
297 19.3
38 24 9
349 76.9
531 82.8
729 46.7
461 95.1
683 1.6
925 91.3
271 16.6
633 43.3
883 12.3
845 6.4
264 66.2
728 39.9
179 9.3
331 94.3
650 35.1
743 55.0
193 61.7
111 85.9
691 88.7
370 51.0
497 70.7
335 78.6
171 37.5
938 99.8
615 97 5
397 14.4
42 21.1
631 18.4
207 10.0
536 75.1
228 46.5
719 89.3
762 78.2
337 20.0
699 77.7
646 2.0
699 92.5
274 4.9
789 69.1
383 67.5
882 48.7
931 74.5
152 20.0
970 70.6
544 16.5
548 27.3
322 57.2
982 16.2
843 95.6
346 82.5
701 26.5
433 96.6
652 26.9
572 87.2
273 88.3
933 66.9
990 96.5
222 77.5
964 5.4
22 55.3
361 73.5
576 40.2
119 9.2
778 80.7
639 26.0
519 85.3
146 45.8
928 9.5
790 16.6
93 69.9
498 89.8
53 27.3
503 22.2
317 88.7
273 98.9
691 67.9
349 45.4
346 86.5
759 37.6
794 44.7
146 91.4
625 72.3
510 10.6
596 53.5
749 63.3
100 26.4
515 40.8
212 92.7
992 49.5
832 59.0
963 67.4
15 43.3
704 80.2
937 23.9
851 40.3
919 90.4
813 90.5
717 32.8
581 16.3
299 97.3
741 76.9
463 78.3
607 53.1
723 38.4
91 11.8
86 41.9
220 79.0
467 80.0
180 69.5
453 14.6
768 30.5
53 36.6
765 53.3
275 6.6
208 47.0
901 69.3
982 44.9
566 10.2
880 40.6
711 79.7
251 1.0
612 97.0
56 94 4
388 45.5
381 9.6
227 38.9
696 8.3
949 49.5
851 5.8
178 8.9
595 38.9
7 76.6
918 89.0
600 73.1
481 77.7
953 86.9
260 45.3
227 16.5
665 20.4
898 86.0
509 66.0
892 99.8
623 19.5
574 58.5
404 35.8
73 29.6
353 33.0
570 12.3
199 40.9
915 4.0
119 70.7
542 99.3
601 61.2
466 23.4
339 78.6
99 46.6
423 43.5
885 47.2
390 16.0
854 62.3
57 56.5
207 58.5
21 49.0
92 71.2
579 83.9
247 37.5
651 10.7
871 33.9
365 19.2
719 95.4
360 65.3
144 78.7
390 30.5
55 78.4
986 24.6
509 49.3
503 62.0
243 87.9
122 43.7
693 67.6
831 33.5
226 17.0
841 45.6
689 97.6
378 5.2
441 70.8
452 15.4
438 52.8
910 78.8
256 60.2
61 2.1
257 3.9
8 95.7
251 28.9
843 68.7
618 34.6
100 90.4
517 6.0
876 34.8
85 7.1
955 82.7
984 59.8
601 42.4
317 74.9
1 57.9
631 34.7
986 1.3
186 21.4
239 11.3
760 22.5
699 41.9
308 47.5
430 9.2
644 4.9
886 15.2
313 89.9
652 60.3
570 91 3
810 4.1
948 91.4
883 19.1
444 32.1
68 34.4
422 20.2
479 31.8
511 55.6
516 99.0
906 34.0
743 54.0
817 56.6
771 67.6
771 9.8
624 47.9
662 85.3
459 62.5
393 14.2
638 59.6
212 92.0
910 36.1
573 55.1
755 19.1
281 70.4
883 70.4
785 85.6
436 69.7
145 69.5
718 67.4
676 64.5
769 21.9
868 34.4
446 49.0
428 16.8
429 79.8
919 65.3
396 21.8
789 30.3
518 31.6
867 77.5
578 30.6
66 66.3
591 32.4
692 19.1
953 60.5
586 14.9
931 85.6
610 46.9
87 25.5
68 58.7
251 53.7
149 32.0
744 53.5
278 8.6
4 85.9
677 68.8
716 63.9
211 33.7
106 22.1
536 63.1
32 18.6
987 81.1
41 36.8
800 96.4
864 42.4
240 96.3
524 81.8
988 11.3
493 3.0
670 26.5
910 22.8
182 27.4
875 32.2
467 44.9
145 83.6
749 64.7
662 2.3
520 70.0
709 24.6
900 10.1
949 10.3
295 91.6
842 66.4
931 73.9
630 11.1
853 5.2
600 67.3
37 46.5
316 34.1
2 69.2
887 84.8
226 31 8
686 22.2
327 73.2
746 15.0
509 73.7
952 54.7
999 27.3
497 59.1
553 62.1
503 53.2
18 67.3
174 92.0
536 35.8
568 64.6
38 7.1
958 82.8
429 14.4
370 10.6
743 93.4
988 54.0
51 46.3
285 82.7
584 18.0
66 38.3
877 89.4
410 99.5
955 44.0
434 81.3
896 34.2
884 80.3
62 91.5
43 83.3
454 52 4
462 67.9
182 45.5
206 27.5
892 78.2
606 44.5
345 25.2
99 55.4
583 64.4
426 80.9
495 91.5
566 87.0
922 29.0
593 66.7
425 13.5
775 10.3
771 35.0
940 41.8
829 74.0
306 23.6
800 18.2
415 92.8
241 65.7
468 13.1
372 94.5
850 45.8
646 97.5
431 3.7
543 58.9
628 88.4
319 20.5
959 56.6
293 25.7
73 76.8
682 70.5
708 98.3
293 25.5
34 52.3
406 27.0
130 18.3
877 7.4
29 29.4
566 3.8
615 14.5
84 32.8
734 65.1
606 41.9
156 57.1
113 43.3
934 84.3
460 75.3
471 40.6
98 85.5
202 68 6
520 81.2
175 48.2
632 54.4
647 10.3
631 6.2
185 67.2
409 39.7
603 25.2
261 93.6
906 48.7
878 73.2
927 4.4
130 98.8
45 21.0
503 23.3
523 7.4
406 93.0
46 11.6
372 28.2
705 76.3
176 80.9
280 34.7
749 65.3
550 70.1
275 96.9
547 26.0
692 97.4
70 63.9
490 29.6
257 71.3
346 8.8
823 49.1
775 38.0
667 8.8
8 75.1
656 86.9
791 83.1
327 70.3
447 96.7
875 41.9
328 80.3
740 14.3
250 5.9
823 42.2
701 48.1
208 37.0
299 75.0
138 19.5
289 7.0
656 2.8
763 9.6
542 33.9
371 74.3
97 74.6
558 46.9
379 75.2
690 4.7
518 25.9
278 8.2
765 36.0
721 41.8
946 43.1
160 37.8
766 16.2
77 27.4
849 68.4
612 19.8
431 5.0
644 72 7
225 63.4
57 48.9
122 74.0
56 63.8
741 19.0
440 51.6
27 17.0
213 11.6
997 56.5
136 88.0
255 81.1
791 69.7
887 71.7
651 83.8
324 48.0
377 6.9
34 19.3
903 89.6
171 62.7
362 8.6
988 72.8
239 28.1
131 94.1
752 89.4
18 43.4
139 27.4
527 64.0
57 63.3
207 13.2
229 86.1
218 30.0
816 64.0
984 62.1
550 7.1
265 47.8
237 50.5
238 36.8
154 89.6
961 86.8
657 50.3
412 42.3
223 61.5
562 78.6
905 7.6
556 8.5
931 27.5
227 99.1
56 68.4
564 10.1
319 9.4
655 89.2
826 78.6
998 99.1
310 60.8
440 68.3
431 22.8
991 17.1
795 24.9
218 66.8
373 82.2
815 35.4
403 31.0
194 57.5
409 54.6
443 39.6
527 82.9
72 62.1
152 70.7
982 51.1
621 46.3
514 46.7
665 1.3
958 54 6
447 89.1
522 68.0
413 66.7
293 10.9
332 64.5
123 6.7
146 30.1
894 49.8
398 10.3
103 9.1
180 5.6
475 43.5
756 52.1
355 16.3
174 62.5
891 67.1
161 75.8
726 77.7
400 43.2
937 38.5
45 47.9
159 22.1
97 88.6
946 26.2
499 79.1
855 11.2
871 75.1
310 54.2
443 92.2
734 24.2
741 70.3
106 77.0
913 67.7
217 3.8
892 18.8
157 84.1
718 66.3
347 13.6
558 25.0
505 99.4
109 98.2
866 50.2
239 1.8
931 50.0
977 2.8
309 33.9
109 1.2
174 59.2
181 22.3
717 38.7
610 27.9
884 33.0
436 84.1
681 87.0
495 32 4
573 14.5
195 5.2
469 68.8
27 38.3
677 48.4
284 48.3
293 83.7
565 38.1
369 55.8
709 84.1
965 16.5
639 52.2
785 49.7
712 53.7
860 7.3
379 65.8
843 82.3
940 78.7
306 30.7
379 98.5
534 78.9
668 49.5
590 51.9
468 4.0
334 17.0
14 2.9
237 74.3
963 34.2
624 43.3
848 30.2
415 58.2
858 58.5
909 54 10
558 57.6
83 89.3
973 53.1
427 45.3
407 78.9
398 19.3
225 54.8
225 58.5
66 30.4
935 21.1
740 81.2
707 31.6
843 88.8
854 7.5
267 31.6
94 78.5
58 48.7
397 50.4
464 54.3
37 92.6
429 84.0
950 34.8
659 7.0
837 23.3
573 51.4
807 93.4
675 87.9
477 97.8
760 25.2
19 67.1
852 54.8
506 59.1
749 35.9
946 22.5
851 38.8
256 64.1
677 95.6
346 66.4
681 42.6
124 47.2
272 86.7
303 22.1
613 41.2
34 63.4
934 83.2
145 62.2
589 74.5
714 26.4
848 3.5
124 94.0
918 46.6
311 69.1
854 43.6
301 79.1
962 44 6
418 20.5
450 5.2
795 90.4
522 36.0
652 39.0
644 54.9
307 85.5
12 21.9
418 94.8
144 33.1
312 89.9
599 31.2
981 38.8
254 61.7
665 88.9
69 94.8
786 46.3
992 35.4
629 4.6
625 87.6
302 93.2
178 98.1
780 63.6
121 23.0
125 27.8
909 34.7
319 32.2
421 73.3
885 92.3
436 9.5
251 22.0
833 23.2
782 9.8
684 88.7
880 43.8
536 44.7
940 16.9
341 50.3
256 17.7
50 18.1
207 91.6
566 41.4
517 5.3
408 93.2
769 18 4
665 80.8
811 86.5
629 79.4
433 35.8
178 55.3
176 37.0
703 98.7
328 74.2
62 38.9
201 29.1
975 70.2
721 37.9
58 35.9
54 17.3
446 58.0
333 57.8
738 13.2
335 29.4
368 37 6
599 52.6
67 31.5
984 15.7
5 3.4
21 86.3
291 91.8
306 1.2
550 78.6
168 40.3
288 49.0
443 64.3
726 6.7
444 12.9
502 6.0
864 95.0
546 35.7
491 55.2
157 21.0
593 77.6
265 77.9
887 70.0
443 55.2
310 18.9
975 88.4
702 76.9
790 88.9
16 89.5
183 45.4
425 67.9
149 29.8
250 1.6
536 80.8
352 68.8
304 56.8
177 52.3
546 24.6
695 19.4
997 29 8
520 10.9
504 8.1
565 84.4
333 40.9
48 48.9
328 74.0
647 22.1
726 38.5
904 84.5
874 71.4
888 6.1
546 3.9
304 62.0
822 43.7
571 54.5
240 49.5
636 17.6
49 16.9
466 23.2
122 80.3
438 70.2
689 95.3
745 35.0
432 83.3
156 75.4
247 54.0
950 39.5
83 82.4
772 84.5
725 7 1
115 93.3
564 60.2
964 50.2
81 81.1
703 34.1
406 96.7
70 21.6
712 95 6
673 98.0
593 25.9
170 56.5
78 69.1
590 48.7
641 71.3
45 15.1
838 41.8
92 10.1
975 67.4
475 53.4
301 66.0
151 12.3
446 90.2
561 66.5
437 1.2
995 83.9
105 45.9
605 22.3
287 60.9
347 2.6
75 27.9
393 29.2
671 5.9
321 96.6
927 81.7
324 64.7
319 48.3
85 54.8
658 96.8
555 32.2
397 5.3
170 20.1
494 60.8
295 48.1
31 85.7
767 1.1
417 90.7
328 44.0
569 37.3
51 28.7
997 2.6
210 84.5
476 24.7
164 39.7
209 94.3
239 69.1
761 67.5
305 44.5
360 32.4
844 47.2
78 36.0
926 55.1
633 5.2
975 85.2
305 98.9
935 24.1
87 32.1
753 29.9
131 28.0
720 72.1
994 19.3
863 15.6
231 84.2
675 73.3
582 83.8
375 34.1
243 43.0
554 41.3
370 24.1
513 41.5
63 20.9
399 10.7
260 92.1
459 4.9
956 44.3
114 62.0
4 69.8
336 55.9
487 27.6
83 58.4
686 9.6
587 89.5
222 93.2
879 59.0
324 26.9
768 37.7
33 18.9
239 81.7
180 28.3
563 55.1
141 15.0
886 72.7
997 32.2
436 87.9
782 32 4
539 53.5
448 84.6
202 20.7
100 41.3
128 7.4
909 29.8
735 83.7
624 98.2
673 66.3
12 27.6
996 39.6
534 57.1
880 95.4
406 83.2
566 82.5
925 32.3
159 75.6
635 86.4
400 22.1
189 18.4
599 29.0
933 98.7
562 54.6
57 82.2
864 85.3
869 29.5
761 85.6
310 71.5
529 1.3
236 8.8
185 51.8
410 32.9
306 47 7
909 96.8
960 45.6
929 49.0
632 93.4
194 63.4
675 33.5
580 7.3
368 18.4
636 38.9
294 53.2
643 60.0
846 13.2
208 7.7
415 98.1
485 58.6
719 57.5
894 22.0
852 54.7
861 64.9
981 43.8
460 26.9
462 87.2
600 38.3
795 60.9
954 41.5
749 99.0
308 33.4
937 60.0
959 12.8
173 94.9
732 50.8
801 27.0
453 2.1
760 88.1
930 9.4
714 61.1
64 79.1
861 31.1
819 93.8
492 93.4
581 9.4
753 42.3
121 27.5
365 47.0
649 1.5
916 30.7
62 99.8
834 59 7
216 22.2
903 28.3
525 58.8
425 36.7
352 12.7
884 77.0
909 46.7
134 39.1
300 19.4
157 14.5
145 10.7
828 13.5
397 7.2
705 86.8
922 65.9
39 58.9
863 29.7
947 56.0
710 31.2
758 23.8
808 27.7
597 11.8
181 39.4
245 31.1
359 64.8
933 36.4
218 2.5
523 93.0
186 30.4
181 91.1
39 77.1
161 97.2
416 38.3
441 20.4
341 99.7
532 4.4
273 52.7
20 43.8
490 94.1
644 68.6
835 64.8
778 72.1
4 79.7
892 83.1
999 53.6
165 84.1
413 58.7
620 94.4
755 51.7
489 93.8
519 5.3
653 54.9
233 52.0
499 84.3
603 37.9
644 80.4
849 79.5
321 99.2
53 97.1
682 71 4
491 51.9
866 78.5
130 30.4
475 23.1
679 66.9
817 41.0
413 61.1
941 2.4
104 42.2
373 93.0
638 92.6
666 96.2
622 24.4
564 61.8
476 93.7
393 53.2
892 8.9
248 26.0
893 31.7
264 77.5
115 92.5
50 79.2
12 83.4
486 88.2
292 1.4
958 51.0
739 9.0
360 97.1
995 76.4
639 34.4
153 4.9
402 87.5
683 21.0
939 74.7
534 22.5
440 45.9
253 56.1
8 38.0
181 85.1
28 42.0
941 76.8
296 17.8
673 67.2
898 89.7
254 92.0
163 93.4
563 76.4
489 65.0
957 23.1
428 37.3
843 4.6
812 59.4
220 21.1
222 27.6
485 98.8
154 23.6
457 11.6
983 93.0
39 94.4
418 51.6
342 22.1
461 72.4
456 80.6
50 19.4
866 90.2
911 46.9
11 34.3
608 71.3
985 97.0
222 90.5
565 86.0
906 78 2
559 41.2
149 87.2
171 73.0
923 16.0
227 15.9
151 23.5
600 24.3
918 18.9
753 52.1
255 24.4
533 25.4
223 3.0
721 53.9
61 81.1
874 50.4
215 9.6
111 20.8
822 77.5
741 57.1
960 18.0
34 34.1
364 82.2
537 58.4
658 27.7
826 9.5
607 42.1
809 73.8
812 17.5
787 30.6
595 13.9
53 50.5
886 9.8
487 23.2
604 68.4
732 82.5
213 60.7
796 74.3
799 34.9
635 1.5
847 73.4
57 41.3
826 82.3
189 59.2
42 77.1
95 51.6
14 26.0
291 11.2
575 57.6
855 62.8
803 57.8
343 82.6
252 80.4
510 71.4
779 67.1
380 40.5
66 3.6
96 22.2
395 1.6
968 67.8
611 9.7
708 40.0
887 53.9
309 36.3
88 61.1
700 4.3
645 99.2
284 92.0
825 10.2
353 10.2
772 46.8
356 48.9
485 50.9
629 34.8
549 88.0
898 95.8
3 62.8
121 25.2
690 77.3
721 52 5
266 43.0
808 70.4
334 67.4
595 75.3
142 36.8
579 44.8
372 66.4
609 1.0
315 94.9
359 73.3
723 39.5
784 67.0
846 80.4
324 59.2
90 95.9
173 76.1
600 7.8
623 64.9
336 10.0
939 20.4
166 65.6
123 4.0
430 16.1
323 77.5
471 28.1
140 72.8
376 5.8
467 45.2
125 51.9
477 31.6
929 83.5
554 9.2
894 95.6
467 71.0
598 26.3
811 65.3
900 88.2
113 8.9
733 46.3
488 86.8
948 12.3
348 3.4
47 61.9
113 44.4
11 76.6
578 71.7
355 56.6
357 70.2
479 57.9
896 80.6
980 14.0
906 6.6
836 2 1
162 81.5
597 29.9
272 71 5
253 44.7
783 94.5
571 74.0
730 41.3
845 38.8
371 72.7
731 31.8
359 51.4
37 7.8
847 90.4
92 40.7
558 3.2
616 51.4
582 65.3
616 16.3
689 19.1
13 23.1
410 46.5
439 56.2
532 90.1
724 51.5
247 98.1
531 88.3
982 94.0
52 84.3
606 26.2
498 6.0
879 8.5
716 42.8
589 24.3
488 9.3
811 82.7
711 99.8
429 35.7
709 31.9
310 35.2
725 34.8
380 99.5
23 38.7
41 13.6
239 25.7
413 49.0
857 98.5
660 61.5
33 49.4
61 65.7
467 16.7
292 85.3
295 53.7
943 36.0
210 95.6
175 21.3
953 67.6
170 18.4
626 77.8
38 94.2
384 17.8
362 70.3
586 67.8
579 13.3
109 9.9
125 51.4
481 15.3
956 39.3
534 47.2
399 27.7
911 87.5
855 6.3
140 55.9
376 9.4
895 58.3
446 40 6
314 62.8
76 64.2
10 74.9
500 33.9
480 13.1
684 6.1
894 18.5
17 51.7
544 92.7
492 5.0
289 38.2
203 73.3
552 95.2
556 48.6
576 45.6
463 87.8
273 45.4
379 80.8
484 64.2
751 24.3
903 73.2
857 33.9
950 36.3
131 40.3
841 7.1
996 96.7
609 43.2
269 50.0
890 32.3
134 45.2
897 80.4
63 90.8
816 86.9
965 54.2
682 25.1
720 34.3
940 84.0
420 28.2
435 34.6
225 48.1
555 2 1
816 77.7
380 22.7
33 68 6
963 21.0
677 56.7
780 45.6
63 64.6
257 15.8
698 22.7
48 47.5
697 68.9
642 83.4
402 87.4
128 1.2
168 53.2
24 52.5
741 72.8
11 82.3
248 88.0
591 97.3
727 98.7
974 25.1
789 86.7
32 24.2
424 29.3
384 92.9
447 4.8
213 17.9
68 23.8
857 7.3
682 84.2
549 36.4
195 79.5
963 76.2
871 5.5
282 32.5
172 59.3
264 67.2
288 86.9
144 37.5
734 52.7
605 50.4
211 96.8
687 95.5
512 76.7
479 67.5
772 25.5
212 20.0
834 74.5
405 72.5
744 62.1
52 97.7
523 8.8
534 49.0
159 61.3
987 65.9
244 99.3
331 4.6
906 1.5
524 69.8
565 28.4
15 12.0
565 36.9
560 13.0
287 30.7
133 10.9
183 65.3
187 30.0
978 15.2
282 36.3
992 87.2
172 18 8
656 32.1
100 91.9
339 78.6
821 74.1
234 11.0
859 34.1
285 65.1
268 5.0
458 24.4
158 65.8
733 36.4
593 88.3
560 57.8
912 45.6
580 34.4
976 56.9
969 71.8
892 69.9
39 90 6
911 11.8
374 26.6
302 63.2
155 56.3
819 37.7
33 50.7
996 16.7
224 17.1
248 25.8
862 34.3
251 8.8
209 72.3
159 62.4
847 14.9
486 74.5
459 5.6
877 94.7
752 48.1
587 26.6
765 62.0
561 59.1
13 36.7
416 98.7
751 93.5
260 36.2
641 77.7
838 36.4
406 94.2
495 3.9
289 46.0
675 84.0
583 27.4
73 24.7
560 47.8
198 7.6
210 64.7
295 94.6
292 51.4
734 74.7
505 3.0
384 36.4
729 69.6
747 77.1
306 20.7
585 79.5
604 51.5
560 86.7
898 91.7
878 40.0
11 92.2
376 9.0
66 74.9
961 97.7
348 24.2
97 92.9
286 44.4
383 13.2
700 48.8
270 82.1
92 8.2
80 70.3
177 25.3
600 29.7
530 84.9
55 94.1
786 71.5
414 23.4
292 55.6
995 27.3
134 48.3
540 48.5
564 93.6
404 92.9
778 25.1
810 69.4
363 77.4
968 73.8
743 90.8
901 98.9
847 75.1
432 5.9
627 95.5
171 81.9
294 29.4
542 93.2
527 98.7
970 53.8
691 17.6
945 2.0
738 93.5
561 90 8
38 10.5
700 84.1
988 4.9
435 68.0
664 29.9
259 23.5
317 21.7
824 27.6
439 93.5
359 37.5
615 46.6
989 86.6
728 79.4
467 30.3
42 46.6
871 47.4
564 66.7
566 49.3
991 76.3
396 67.2
684 15.1
731 91.4
743 54.7
770 74.3
888 30.7
415 78.7
61 65.4
114 68.7
500 61.6
51 95.8
818 85.0
991 54.8
516 5.7
362 30.9
360 77.0
955 47.0
794 26.7
972 15.9
945 68.7
994 69.7
797 19.2
99 87.9
240 51.8
899 18.4
581 71.6
85 1.2
920 33.9
595 5.2
37 80.8
603 70.6
597 53.6
244 35.6
112 88.5
392 13.3
104 14.2
973 55.2
463 49.5
893 44.9
447 29.7
619 15.5
578 53.4
156 97.6
909 44.7
303 71.3
206 73.0
811 51.0
845 36.7
249 2.7
750 70.0
602 88.1
597 31.4
653 33.2
685 38.2
432 98.0
729 67.1
397 62.5
731 5.5
426 55.4
877 24.6
270 72.3
246 85.0
805 60.0
952 58.8
190 24.8
323 99.0
846 89.8
54 64.5
974 26.4
509 33.5
559 40.7
861 94 1
419 50.4
814 85.4
836 18.5
738 34.4
635 26.1
660 66.9
757 51.4
980 66.4
717 47.7
854 73.5
910 69.0
34 74.8
457 36.2
295 33.9
541 51.0
481 90.0
458 18.8
810 34.9
11 64.6
977 10.1
648 15.2
599 17.2
406 4.8
969 28.9
58 45.5
837 72.4
949 52.3
1000 46.5
659 19.7
921 98.5
965 78.3
230 45.0
227 17.3
582 75.3
323 78.1
402 69.5
585 50.1
606 7.6
186 91.9
749 53.8
839 85.9
752 69.5
775 93.1
847 11.8
526 33.9
459 58.4
882 85.2
417 21.1
835 71.7
242 38.0
943 2.5
579 27.2
641 31.3
912 83.7
141 40.4
471 94.3
680 91.1
662 49.6
374 42.3
182 45.6
845 8.5
539 33.6
936 27.1
162 90.6
835 42.9
588 62.7
130 8.7
364 7.7
146 11.7
412 88.6
50 94.2
351 75.8
103 4.8
350 16.8
965 6.6
693 97.1
604 9.3
721 38.3
112 1.3
368 47.6
288 91.8
707 16.9
982 54.7
180 57.0
857 55.8
337 66.6
179 73.0
267 88.6
967 42.1
294 2.1
448 10.0
977 91.0
740 94.5
771 1.8
30 67 1
250 15.9
811 38.6
487 6.3
728 47.9
849 57.8
774 7.0
622 78.3
571 42.8
203 15.8
844 70.4
39 91.7
65 61.7
827 41.6
666 84.4
193 70.6
926 55.9
383 61.3
728 32.9
909 89.2
9 13.8
571 32.9
599 51.0
507 16.9
263 65.6
381 34.8
913 57.8
326 19.0
315 13.2
289 65.9
552 18.8
969 32.4
10 35.3
998 9.5
35 1.4
30 88.2
405 45.3
753 69.5
85 74.5
117 14.5
175 75.9
936 42.8
176 40.5
770 94.9
82 23.0
874 95.6
849 18.6
931 22.3
452 68.4
494 48.0
309 30.9
577 3.2
487 82.2
681 28.0
28 24.8
156 58.9
801 34.1
52 56.5
516 86.2
300 11.8
312 21.7
389 92.1
113 52.5
661 33.4
673 29.3
197 55.6
234 11.8
923 16.7
338 71 10
731 47.7
623 81.4
719 6.4
558 92.5
631 32.7
753 53.2
521 51.5
376 64.5
985 58.7
217 97.1
399 34.3
627 16.1
180 93.5
725 11.1
461 18.9
537 77.0
733 67.4
840 11.2
893 89.8
9 60.3
201 75.7
857 58.1
857 11.5
54 10.0
382 46.1
950 4.0
711 79.7
325 9.0
784 37.0
377 32.7
965 13.9
286 59.4
343 36.6
627 32.1
661 37.4
150 55.2
815 52.2
80 33.0
523 2.5
892 68.1
682 76.4
994 49.7
165 19.2
586 35.0
369 76.4
521 78.7
338 26.2
861 19.6
784 23.3
819 79.5
39 77.3
536 82.4
731 7.6
96 89.8
358 73.4
349 68.5
667 46.1
520 14.7
927 19.6
933 37.4
678 33.8
512 14.0
676 28.6
665 20.1
679 30.8
498 63.1
280 59.0
889 82.8
1 68.5
668 85.2
32 15.9
229 14 5
314 43.9
636 31.2
741 62.5
737 23.4
742 73.2
17 27.3
9 35.1
285 39.2
490 9.3
980 35.8
16 61.8
301 1.4
995 65.0
632 80.9
953 88 6
589 94.2
317 59.4
975 59.7
758 73.0
809 42.5
16 19.2
535 91.4
368 30.1
244 29.0
424 71.6
100 48.9
855 1.7
678 50.3
685 42.1
879 5.7
96 77.7
339 38.1
835 98.3
222 37.4
512 20.3
689 35.5
123 59.1
613 30.1
296 73.8
520 78.7
338 93.5
501 19.5
658 53.4
496 72.9
96 63.2
483 16.4
52 20.6
519 91.7
396 97.0
627 50.5
522 34.0
162 8.1
150 66.1
46 79.9
145 13.2
142 80.0
637 44.5
921 92.8
537 59.8
158 98.5
506 33.4
847 66.3
787 99.9
62 18.1
261 31.8
297 93.9
500 19.8
320 85.1
623 5.7
484 49.6
49 96.7
399 88.2
184 84.2
484 4.4
436 37.0
746 14.4
283 6.4
671 62.5
621 22.4
538 75.2
103 23.2
716 32.8
485 66.6
775 80.6
879 45.2
564 82.1
831 89.2
135 81.2
436 86.3
681 38.2
888 1.5
8 22.4
857 97.2
21 31.0
897 12.0
55 82.0
439 70.5
566 64.9
675 61.4
249 49.7
267 77.0
888 27.8
139 79.0
337 80 2
414 42.4
962 96.2
997 67.8
714 4.0
323 99.8
301 74.1
118 28.4
399 72.6
238 43.0
177 83.6
245 5.7
864 62.0
219 22.7
82 87.3
346 95.9
584 46.6
773 78.3
491 59.9
107 70.5
876 79.4
113 88.5
161 44.3
83 69.6
397 63.8
586 1.5
426 44.0
107 17.9
593 60.9
526 43.2
855 93.5
461 16.0
406 67.8
777 70.6
431 43.9
631 73.7
32 75.6
897 44.8
557 90.0
558 99.1
437 16.4
898 11.1
876 17.3
116 57.4
918 18.6
403 59.8
441 64.2
331 86.6
735 98.8
433 49.5
696 67.3
801 80.3
610 84.5
563 54.3
571 36.9
183 47.2
985 98.9
982 49.0
440 63.9
278 31.9
210 10.3
393 61.5
730 63.2
937 27.0
263 84.2
628 21.0
11 17.9
497 52.7
837 27.0
205 38.0
631 30.1
677 25.6
644 49.3
779 27.3
835 83.1
280 5.8
392 70.7
343 18.1
254 68.0
448 44.6
423 72.6
800 78 1
496 5.8
220 16.6
99 14.4
478 44.0
99 19.1
134 41.7
137 36.0
738 89.3
631 88.1
74 19.9
923 53.5
772 92.7
705 31.4
742 51.6
450 68.9
613 92.2
53 31.6
931 77.9
232 11.2
358 77.5
258 1.7
770 12.5
132 25.3
176 39.3
543 63.6
331 97.5
782 1.7
470 54.4
220 40.6
922 70.8
133 9.0
89 72.5
323 50.6
251 34.5
734 1.4
347 99.4
672 92.9
824 72.2
991 34.9
798 43.8
414 21.5
257 66.6
60 99.8
782 90.4
211 81.3
612 51.1
866 15.1
748 31.2
302 30.5
141 88.7
593 43.8
917 53.0
559 92.9
927 90.0
598 5.0
218 45.9
111 73.0
964 60.9
17 50.2
129 21.0
578 4.9
466 84.7
939 60.7
349 17.1
769 18.9
726 62.0
108 40.1
874 63.0
763 40.7
6 80.8
339 58.0
707 78.2
670 91.1
298 35.1
990 22.9
760 8.8
530 79.0
771 12.5
292 57 9
650 28.2
198 96.9
279 4.4
801 97.1
729 55.7
127 80.7
955 13.5
393 61.3
97 82.4
653 65.1
586 87.0
296 22.9
880 70.7
111 67.3
582 34.3
568 90.7
691 21.5
121 53.5
813 3.2
315 85.7
442 69.2
388 28.7
846 30.4
788 85.4
609 10.9
903 68.3
5 56.4
744 51.8
25 94.4
716 74.7
467 37.0
866 35.3
695 24.4
109 41.2
833 8.3
167 5.6
251 69.7
400 25.3
990 53.9
453 75.0
604 42.0
135 23.7
711 46.0
91 72.4
266 49.7
916 23.8
800 87.3
565 67.8
132 48.7
829 39.8
624 29.7
725 48.5
419 55.5
411 8.9
146 3.1
138 3.0
943 1.2
617 47 4
593 32.4
395 75.9
578 95.8
674 4.3
508 56.2
843 50.7
698 4.9
331 14.8
3 61.5
43 60.1
762 77.8
362 67.7
656 7.0
835 37.3
899 59.5
527 68.8
794 74.8
306 26.5
279 2.2
401 49.5
902 29.3
896 72.4
447 9.0
35 88.4
912 84.0
906 2.7
390 50.0
936 14.7
889 9.1
237 4.8
286 58.4
707 90.5
456 37.8
517 44.0
402 54.4
548 86.1
190 19.9
831 12.5
235 1.1
87 98.5
93 91.9
285 13.6
383 59.4
543 38.1
602 90.6
250 46.3
671 16.9
187 38 2
859 86.8
118 59.5
360 69.4
286 8.6
234 73.7
115 95.4
549 57.6
812 56.1
531 86.9
696 74.5
155 81.7
146 69.7
618 74.3
590 93.2
742 39.6
999 45.0
89 19.7
120 68.4
162 9.6
866 26.5
601 95.2
95 64.2
252 96.1
531 14.7
816 4.5
182 73.5
58 91.9
781 48.7
266 45.5
994 12.2
208 41.2
403 70.3
178 62.9
206 10.0
701 90.5
834 43.3
859 51.6
126 35.6
646 19 7
392 25.3
818 21.1
905 61.2
426 76.0
75 77.7
439 52.5
51 83.8
781 46.1
243 22.2
701 96.2
20 14.8
505 98.6
627 10.2
86 81.9
482 61.1
755 16.6
277 9.0
58 71.2
829 16.3
106 46 8
997 93.2
345 31.6
716 53.3
933 10.5
393 39.7
591 58.1
219 76.8
637 99.3
87 87.0
401 16.9
487 99.8
81 83.7
702 13.5
678 50.7
613 9.6
201 54.8
993 26.7
639 12.0
599 1.4
478 28.7
888 65.4
602 60.9
231 10.6
64 53.8
216 12.1
779 88.3
728 66.9
352 33.0
798 72.8
812 39.6
291 66.9
367 96.4
887 57.9
328 32.9
719 97.8
799 47.9
835 17.7
882 1.6
76 16.8
793 29.0
699 55.6
276 46.4
112 7.5
727 8.3
599 74.0
725 8.1
866 28 2
859 34.6
253 89.6
138 49.8
327 75.2
199 80.3
542 45.8
745 73.7
43 41.2
615 8.2
490 88.9
73 58.9
154 51.9
20 69.9
566 23.1
247 27.3
598 16.5
595 6.7
691 5.1
725 53.1
659 82.3
125 21.0
35 96.9
708 86.5
897 45.5
936 6.0
567 45.9
851 37.1
265 83.2
823 67 5
636 97.2
681 92.3
218 89.0
62 34.8
286 27.1
40 80.5
453 49.6
449 48.9
276 75.1
26 68.8
711 56.8
221 84.9
687 81.4
921 47.3
735 97.4
262 91.7
212 17.1
937 25.8
56 13.5
291 40.2
729 85.2
769 22.4
777 53.3
64 47.9
527 5.2
899 86.5
74 40.7
587 58.6
435 41.8
360 12.3
96 66.9
210 97.6
755 4.5
440 85.8
724 19.7
154 62.5
534 78.5
9 41.3
544 74.3
27 21.8
556 95.6
677 53.6
764 59.6
91 11.5
287 16.6
993 35.3
799 97.6
952 12.8
762 44.2
564 92.0
705 66.7
874 59.0
864 33.0
557 85.5
503 66.4
64 92.8
239 1.1
160 45.2
504 36.1
714 7.6
591 10.0
219 10.0
111 2.8
791 92.9
596 50.5
772 32.6
873 5.9
161 98 8
283 71.6
733 94.5
57 13.4
334 34.0
540 83.9
875 7.4
161 15.3
184 6.2
388 1.0
755 27.3
27 50.3
23 94.3
470 26.4
751 66.8
552 41.9
46 22.0
274 67.6
904 16.3
552 89.6
708 65.7
565 80.5
372 73.2
50 27.8
500 71.3
634 4.8
706 95.5
933 43.4
303 84.2
265 27.5
619 51.2
496 93.0
624 44.6
598 16.6
924 19.3
799 31.8
369 73.9
317 54.3
434 76.9
670 49.6
677 88.4
324 32.1
998 47.9
754 66.8
549 47.2
753 23.9
761 49.5
645 64.6
887 82.6
445 90.1
113 6.5
825 93.8
412 23.6
288 71.0
517 59.6
312 68.5
577 69.6
709 61.4
54 53.8
307 57.3
81 5.9
489 60.3
799 36.9
553 92.0
233 6.8
87 9.2
318 21.1
698 12.7
661 68.9
671 51.7
580 86.8
259 44.7
657 73.9
48 89.3
929 40.8
132 66.8
362 24.8
955 26.2
732 20.3
1000 23.3
766 89.6
874 90.4
354 69.4
44 65.7
425 69.5
655 38.4
525 60.4
163 72.8
795 13.1
736 2.6
287 93.7
864 17.5
62 31.8
459 10.1
71 48.2
348 67.6
964 18.5
974 28.9
907 24.3
802 66 8
177 97.3
10 57.1
407 30.0
169 43.0
733 71.3
520 34.1
390 76.5
202 76.4
965 26.9
579 63.6
743 27.6
601 63.0
427 95.4
440 39.8
978 42.1
816 97.8
523 55.0
307 79.7
962 6.7
442 11.0
983 12.8
251 32.6
221 43.7
820 6.4
710 90.3
528 68.0
531 24.0
618 42.2
937 73.1
723 38.8
476 75.6
280 20.3
110 84.3
741 85.7
421 71.7
375 50.2
192 91.8
12 15.0
172 45.8
658 35.4
623 4.4
363 95.4
210 91.1
705 87.7
901 44.6
497 91.1
433 84.9
869 93.4
921 79.0
116 27.7
270 97.2
725 18.3
888 72.4
566 40.2
929 53.3
512 16.5
392 54.2
512 66.9
219 70.6
602 2.8
23 67.4
877 86.7
831 46.9
419 55.6
556 2.1
666 87.6
533 18 10
822 24.1
540 38.0
644 64.4
627 60.0
15 90.6
736 50.9
897 18.0
261 8.4
304 63.5
901 76.3
243 89.9
887 73.8
284 64.6
828 86.9
578 47.2
64 9.2
861 85.1
771 99.3
769 59 9
505 98.5
930 50.7
773 39.1
618 65.2
47 65.3
45 90.9
774 90.1
525 9.0
806 25.7
860 62.3
442 65.0
511 45.9
295 74.9
724 88.3
494 15.4
775 95.2
363 53.9
670 99.6
999 11.1
774 61.8
896 39.6
124 11.8
586 32.9
191 58.3
299 14.3
796 32.9
356 68.2
652 42.4
600 84.4
664 61.5
811 93.8
563 74.9
839 72.5
116 19.2
116 14.2
752 62.0
871 61.0
657 13.6
727 31.2
835 19.3
719 26.9
361 67.0
993 41.4
469 78.1
434 26.5
499 25.9
456 19.4
614 14.7
12 81.7
377 28.4
476 72.6
746 88.3
987 23.8
631 16.0
869 46.5
397 6.4
424 28.0
958 29.4
144 61.6
228 58 7
774 44.9
225 59.7
166 52.5
125 1.4
73 92.2
302 45.4
518 90.1
744 90.4
115 78.9
424 29.7
634 71.2
751 21.0
220 83.3
572 9.1
568 42.6
588 40.8
16 57.4
371 70.1
346 48.7
681 1.5
230 22.4
775 52.4
833 72.9
189 2.8
350 67.1
560 18.4
805 51.1
461 26.4
267 62.3
208 94.0
968 54.9
352 29.7
121 72.4
61 46.3
212 69.7
783 10.8
377 97.2
535 57.9
907 28.2
123 13.0
683 14.7
66 62.8
926 93.4
297 99.3
443 55.1
493 28.2
592 27.3
451 15.0
48 93.3
994 25.8
227 94.0
736 27.4
465 75.0
624 55.4
259 92.4
246 30.2
673 53.8
616 21.8
739 27 3
294 98.8
93 84.1
108 76.1
669 76.9
769 95.1
123 35.5
502 53.4
6 35.4
337 11.7
942 48.2
751 94.8
810 33.0
41 32.6
815 34.7
501 93.5
788 75.0
272 24.0
318 18.8
474 83.1
552 2.2
964 26.5
946 34.3
298 50.4
684 48.3
691 47.3
653 62.4
269 33.7
317 13 3
455 42.7
285 34.9
6 85.9
159 52.2
122 82.8
726 82.1
337 37.9
151 8.2
919 84.0
364 62.1
75 68.8
356 40.8
202 2.8
751 74 5
238 7.4
819 59.1
418 83.9
464 75.2
227 64.0
315 91.2
558 50.5
28 74.4
525 35.8
305 16.6
797 30.8
766 43.5
715 60.5
981 93.4
930 97.5
291 27.0
709 88.0
932 63.5
974 42.9
456 32.3
906 31.9
304 97.2
711 29.1
246 70.5
696 43.6
453 75.4
865 69.5
834 59.1
581 38.3
517 68.9
36 62.1
510 37.6
941 52.1
127 7.7
262 34.0
916 48.9
404 73.0
356 14.5
577 17.0
549 45.8
469 58.7
538 73.5
479 15.1
668 65.3
107 35.0
597 17.0
916 3.1
129 33.5
528 35.5
563 15.7
500 63.6
795 44.6
996 38.0
862 33.6
374 65.6
990 78.1
104 73.1
680 51.8
905 55.8
934 2.6
786 70.8
426 1.6
877 57.1
786 6.6
619 98.9
526 22.6
580 87.6
637 36.3
462 81.4
974 12.2
298 47.4
345 74.7
555 35.2
773 17.8
538 49 8
525 11.0
916 11.5
460 96.4
194 68.8
944 68.6
967 94.2
32 87.4
585 78.2
855 39.6
229 46.9
507 77.7
271 10.9
84 64.6
297 14.5
231 55.0
261 86.7
704 40.1
196 32.7
538 16.7
238 35.7
563 80.7
688 23.0
103 1.8
773 82.6
265 91.5
571 8.2
378 49.1
768 49.8
207 28.6
846 57.9
823 42.9
893 64.5
311 65.6
246 83.0
252 11.6
852 86.4
769 44.7
849 99.6
763 99.8
708 91.5
58 56.4
756 53.6
52 43.1
338 61.5
450 3.0
972 62.0
643 54.8
550 38.9
592 94.7
355 36 5
454 90.9
247 32.7
689 31.6
917 12.4
315 82.5
937 92.8
10 42.3
170 30.0
832 88.5
581 14.7
417 95.2
294 27.3
410 87.2
626 81.5
179 84.2
7 9.6
562 33.7
986 32.7
194 87.0
118 89.5
477 16.5
815 41.2
774 8.3
1 17.3
604 41.5
286 4.1
494 94.6
104 24.4
516 60.8
852 20.3
687 55.5
237 5.6
526 96.7
807 61.0
500 50.7
425 61.2
217 2 2
328 21.6
326 82.0
10000 100 100
775 76.5
642 71.1
131 69.3
499 26.4
946 77.8
162 57.2
958 79.6
269 33.4
847 90.6
252 64.2
264 25.8
261 50.7
238 95.9
193 64.3
734 78.7
975 89.7
777 84.0
937 51.0
503 71.9
922 49.4
713 71.5
551 83.5
872 51.4
998 97.8
147 39.6
267 57.8
388 30.8
881 86.4
65 92.9
207 2.9
787 60.4
948 76.5
773 81.3
455 37.7
226 79.1
180 81.0
176 38.1
331 26.6
138 61.3
670 35.5
971 29.0
71 46.6
748 15.7
17 92.5
5 66.2
116 96.7
125 72.8
955 45.9
214 42.5
368 2.8
422 20.7
125 89.2
258 60.3
165 90.2
30 76.1
121 5.4
353 31.7
174 33.4
763 7.6
702 5.3
774 84.3
39 13.7
550 66.7
74 89.6
94 88.5
421 10.1
302 61.0
215 84.2
618 2.2
68 73.7
528 22.3
537 90.9
16 76.1
376 68.0
628 58.7
295 14.9
430 21.4
399 57.1
634 31.9
455 33.0
937 39.8
597 22.1
78 80.5
800 37.5
708 72.8
151 74.1
369 41.4
42 5.7
355 44.7
973 56.0
138 8.2
761 70.3
42 33.7
898 98.7
700 58.5
603 39.2
81 84.7
790 14.9
88 19.7
174 86.4
10000 100 100
395 9.7
506 47.2
705 46.0
600 91.4
694 27.4
40 99.2
433 55.6
793 8.1
272 60.2
359 20.8
92 97.6
919 92.3
410 90.5
294 21.3
91 4.9
798 70.8
982 54.2
706 96.0
674 29.6
516 79.0
566 27.6
46 73.9
79 13.1
644 98.5
541 54.9
872 40.8
753 70.6
660 19.8
590 90.6
311 54.9
572 5.0
765 52.1
68 50.3
676 85.5
732 65.6
818 29.8
963 31.3
414 16.3
537 29.0
117 68.7
902 94.4
745 72.2
890 32.6
661 47.0
80 81.8
152 92.9
397 25.6
652 1.7
47 37.4
554 99.5
270 3.7
535 37.6
357 35.2
931 95.5
502 47.6
574 6.8
953 52.6
555 34.1
486 56.3
735 36.1
678 17.8
276 17.9
149 98.4
5 43.5
851 48.5
551 34.5
111 44.9
22 39.0
852 33.1
840 98.0
310 43.0
124 39.2
487 57.6
179 32.8
293 84.8
931 17.3
393 14.4
429 13.0
387 2.8
260 71.4
257 32.5
703 46.2
717 67.7
945 79.6
405 40.0
968 97.2
215 44.7
65 96.6
461 5.4
74 22.3
37 30.8
757 64.3
182 59.7
863 27.4
157 64.1
187 10.1
160 60.3
229 27.9
96 30.2
107 74.6
100 100 100
10 1.0
10 1.0
10 1.0
10 1.0
10 1.0
10 1.0
10 1.0
10 1.0
10 1.0
10 1.0
10 1.0
10 1.0
10 1.0
10 1.0
10 1.0
10 1.0
10 1.0
10 1.0
10 1.0
10 1.0
10 1.0
10 1.0
10 1.0
10 1.0
10 1.0
10 1.0
10 1.0
10 1.0
10 1.0
10 1.0
10 1.0
10 1.0
10 1.0
10 1.0
10 1.0
10 1.0
10 1.0
10 1.0
10 1.0
10 1.0
10 1.0
10 1.0
10 1.0
10 1.0
10 1.0
10 1.0
10 1.0
10 1.0
10 1.0
10 1.0
10 1.0
10 1.0
10 1.0
10 1.0
10 1.0
10 1.0
10 1.0
10 1.0
10 1.0
10 1.0
10 1.0
10 1.0
10 1.0
10 1.0
10 1.0
10 1.0
10 1.0
10 1.0
10 1.0
10 1.0
10 1.0
10 1.0
10 1.0
10 1.0
10 1.0
10 1.0
10 1.0
10 1.0
10 1.0
10 1.0
10 1.0
10 1.0
10 1.0
10 1.0
10 1.0
10 1.0
10 1.0
10 1.0
10 1.0
10 1.0
10 1.0
10 1.0
10 1.0
10 1.0
10 1.0
10 1.0
10 1.0
10 1.0
10 1.0
10 1.0
100 100 100
10 1.0
10 1.0
10 1.0
10 1.0
10 1.0
10 1.0
10 1.0
10 1.0
10 1.0
10 1.0
10 1.0
10 1.0
10 1.0
10 1.0
10 1.0
10 1.0
10 1.0
10 1.0
10 1.0
10 1.0
10 1.0
10 1.0
10 1.0
10 1.0
10 1.0
10 1.0
10 1.0
10 1.0
10 1.0
10 1.0
10 1.0
10 1.0
10 1.0
10 1.0
10 1.0
10 1.0
10 1.0
10 1.0
10 1.0
10 1.0
10 1.0
10 1.0
10 1.0
10 1.0
10 1.0
10 1.0
10 1.0
10 1.0
10 1.0
10 1.0
10 1.0
10 1.0
10 1.0
10 1.0
10 1.0
10 1.0
10 1.0
10 1.0
10 1.0
10 1.0
10 1.0
10 1.0
10 1.0
10 1.0
10 1.0
10 1.0
10 1.0
10 1.0
10 1.0
10 1.0
10 1.0
10 1.0
10 1.0
10 1.0
10 1.0
10 1.0
10 1.0
10 1.0
10 1.0
10 1.0
10 1.0
10 1.0
10 1.0
10 1.0
10 1.0
10 1.0
10 1.0
10 1.0
10 1.0
10 1.0
10 1.0
10 1.0
10 1.0
10 1.0
10 1.0
10 1.0
10 1.0
10 1.0
10 1.0
10 1.1
10000 100 100
10 100.0
10 100.0
10 100.0
10 100.0
10 100.0
10 100.0
10 100.0
10 100.0
10 100.0
10 100.0
10 100.0
10 100.0
10 100.0
10 100.0
10 100.0
10 100.0
10 100.0
10 100.0
10 100.0
10 100.0
10 100.0
10 100.0
10 100.0
10 100.0
10 100.0
10 100.0
10 100.0
10 100.0
10 100.0
10 100.0
10 100.0
10 100.0
10 100.0
10 100.0
10 100.0
10 100.0
10 100.0
10 100.0
10 100.0
10 100.0
10 100.0
10 100.0
10 100.0
10 100.0
10 100.0
10 100.0
10 100.0
10 100.0
10 100.0
10 100.0
10 100.0
10 100.0
10 100.0
10 100.0
10 100.0
10 100.0
10 100.0
10 100.0
10 100.0
10 100.0
10 100.0
10 100.0
10 100.0
10 100.0
10 100.0
10 100.0
10 100.0
10 100.0
10 100.0
10 100.0
10 100.0
10 100.0
10 100.0
10 100.0
10 100.0
10 100.0
10 100.0
10 100.0
10 100.0
10 100.0
10 100.0
10 100.0
10 100.0
10 100.0
10 100.0
10 100.0
10 100.0
10 100.0
10 100.0
10 100.0
10 100.0
10 100.0
10 100.0
10 100.0
10 100.0
10 100.0
10 100.0
10 100.0
10 100.0
10 100.0
10000 100 100
10 100.1
10 100.0
10 100.0
10 100.0
10 100.0
10 100.0
10 100.0
10 100.0
10 100.0
10 100.0
10 100.0
10 100.0
10 100.0
10 100.0
10 100.0
10 100.0
10 100.0
10 100.0
10 100.0
10 100.0
10 100.0
10 100.0
10 100.0
10 100.0
10 100.0
10 100.0
10 100.0
10 100.0
10 100.0
10 100.0
10 100.0
10 100.0
10 100.0
10 100.0
10 100.0
10 100.0
10 100.0
10 100.0
10 100.0
10 100.0
10 100.0
10 100.0
10 100.0
10 100.0
10 100.0
10 100.0
10 100.0
10 100.0
10 100.0
10 100.0
10 100.0
10 100.0
10 100.0
10 100.0
10 100.0
10 100.0
10 100.0
10 100.0
10 100.0
10 100.0
10 100.0
10 100.0
10 100.0
10 100.0
10 100.0
10 100.0
10 100.0
10 100.0
10 100.0
10 100.0
10 100.0
10 100.0
10 100.0
10 100.0
10 100.0
10 100.0
10 100.0
10 100.0
10 100.0
10 100.0
10 100.0
10 100.0
10 100.0
10 100.0
10 100.0
10 100.0
10 100.0
10 100.0
10 100.0
10 100.0
10 100.0
10 100.0
10 100.0
10 100.0
10 100.0
10 100.0
10 100.0
10 100.0
10 100.0
10 100.0
10000 100 99
10 100.1
10 100.0
10 100.0
10 100.0
10 100.0
10 100.0
10 100.0
10 100.0
10 100.0
10 100.0
10 100.0
10 100.0
10 100.0
10 100.0
10 100.0
10 100.0
10 100.0
10 100.0
10 100.0
10 100.0
10 100.0
10 100.0
10 100.0
10 100.0
10 100.0
10 100.0
10 100.0
10 100.0
10 100.0
10 100.0
10 100.0
10 100.0
10 100.0
10 100.0
10 100.0
10 100.0
10 100.0
10 100.0
10 100.0
10 100.0
10 100.0
10 100.0
10 100.0
10 100.0
10 100.0
10 100.0
10 100.0
10 100.0
10 100.0
10 100.0
10 100.0
10 100.0
10 100.0
10 100.0
10 100.0
10 100.0
10 100.0
10 100.0
10 100.0
10 100.0
10 100.0
10 100.0
10 100.0
10 100.0
10 100.0
10 100.0
10 100.0
10 100.0
10 100.0
10 100.0
10 100.0
10 100.0
10 100.0
10 100.0
10 100.0
10 100.0
10 100.0
10 100.0
10 100.0
10 100.0
10 100.0
10 100.0
10 100.0
10 100.0
10 100.0
10 100.0
10 100.0
10 100.0
10 100.0
10 100.0
10 100.0
10 100.0
10 100.0
10 100.0
10 100.0
10 100.0
10 100.0
10 100.0
10 100.0
10 100.0
10000 100 100
10 99.0
10 100.0
10 100.0
10 100.0
10 100.0
10 100.0
10 100.0
10 100.0
10 100.0
10 100.0
10 100.0
10 100.0
10 100.0
10 100.0
10 100.0
10 100.0
10 100.0
10 100.0
10 100.0
10 100.0
10 100.0
10 100.0
10 100.0
10 100.0
10 100.0
10 100.0
10 100.0
10 100.0
10 100.0
10 100.0
10 100.0
10 100.0
10 100.0
10 100.0
10 100.0
10 100.0
10 100.0
10 100.0
10 100.0
10 100.0
10 100.0
10 100.0
10 100.0
10 100.0
10 100.0
10 100.0
10 100.0
10 100.0
10 100.0
10 100.0
10 100.0
10 100.0
10 100.0
10 100.0
10 100.0
10 100.0
10 100.0
10 100.0
10 100.0
10 100.0
10 100.0
10 100.0
10 100.0
10 100.0
10 100.0
10 100.0
10 100.0
10 100.0
10 100.0
10 100.0
10 100.0
10 100.0
10 100.0
10 100.0
10 100.0
10 100.0
10 100.0
10 100.0
10 100.0
10 100.0
10 100.0
10 100.0
10 100.0
10 100.0
10 100.0
10 100.0
10 100.0
10 100.0
10 100.0
10 100.0
10 100.0
10 100.0
10 100.0
10 100.0
10 100.0
10 100.0
10 100.0
10 100.0
10 100.0
10 100.0
