98 38
5 1048575
0 7993206
0 2300501
0 15955629
0 4319623
0 5689395
11301819 0
9053243 0
7883110 0
2315376 0
7964071 0
641971 5242881
802215 1025
8775143 3609134
9163999 15122966
15581513 4336898
11530013 15726589
10691511 11460351
9278180 16465629
169918 8369912
13099779 16515055
14828655 1948560
9328869 7448346
10477736 6299479
5349320 11427895
12087722 4689493
5856067 10921148
1996196 14781019
8202534 8574681
7179170 9598045
12821474 3955741
5498595 5498595
14939771 14939771
16729630 16729630
3952224 3952224
2444855 2444855
16117982 4495777
8904537 1058843
5433319 1770415
16748487 9465845
7501391 5446370
1603636 8358938
339191 1826563
11086585 4779996
7899180 4652523
338775 288518
0 0
