36
10 10 5 5
10 10 6 4
1000000000 1000000000 0 0
1 1 0 0
1000000000 1000000000 999999999 1
1000000000 1000000000 1 0
11349 13013 6061 5217
25887 25870 23829 937
31323 60121 28846 21578
2885 9281 1992 336
29046 7129 3665 2035
16741 4716 2870 1249
13357 18265 12722 4706
24209 31270 20234 3457
22845 32026 14145 11373
15950 14370 6510 992
8213 9185 7667 553
23832 6784 94 51
30042 4106 3335 129
17629 4461 1735 902
18276 36504 16758 13644
18813 17477 11881 4752
10943 2195 200 96
5457 9894 5350 1490
20140 16980 9783 6672
1441 8116 340 266
16797 36633 15979 12962
22316 9495 203 71
1468 2850 1088 52
8868 5578 1135 1097
30052 16231 5924 5048
10542 20908 9449 4139
30630 18244 5219 3906
28903 26007 24508 406
1222 5550 557 85
12634 16479 8085 4782