1000
1
10
100
65235
127776
145738
162621
118890
139076
103664
74866
376387
335280
121852
151139
492956
489962
377630
287847
91306
278427
464781
245301
201894
169000
244946
453153
27267
591492
865555
118701
116954
678187
797695
9875
609341
315354
848729
177791
673295
468772
725656
1045005
1170659
1388691
415085
65050
991728
1151023
233420
384015
126418
563217
747108
1596185
291545
1290824
1230606
1227180
162612
508309
957488
53351
898745
244520
1188308
1603276
993477
996018
1640245
2033433
1265347
1939972
1744418
975438
470889
2149755
781840
451439
1373370
1177924
1034265
404827
2567170
737588
2130743
2032156
2831202
1817003
295060
1609089
2745734
1477036
645805
168806
2775672
462306
1465088
1896315
2157878
2401368
1200615
124328
2940574
3155671
631375
2051812
797186
734949
219555
1808359
2566990
750514
3619794
757256
2732180
344060
1247141
3086460
2865954
822693
3420568
3781598
3988895
3785709
1867221
2341805
827872
3932258
2516119
2769325
2607288
3397844
4111760
971007
2477132
3608593
1007454
142120
3338180
1571221
2374611
1945598
1047253
4126336
936637
4470346
2329150
1833703
3302642
3828054
2919082
3527583
349346
3031597
4367106
4996996
453879
5181472
3094364
4953518
2421556
3719480
3649729
5208563
2117072
2556288
5482786
4232214
2695955
3906468
3333212
2884976
1913852
2172144
2158905
5187928
4219236
2029165
1283461
4022996
971755
1282625
1621923
5399975
1355084
6030270
510097
2294711
4817383
211488
4171946
3550988
5978702
1163379
5956011
3780916
3449016
4014212
5527352
2430904
3828009
6377335
1527447
796297
553248
585339
6700098
6453386
2221465
1611404
4937442
3574672
811049
2957952
5514617
602836
4639312
4160686
5362600
5552672
2178357
2671285
3003430
4774758
3890649
1296408
4017015
1135040
5683033
422980
1184718
1547105
7588604
688466
2281583
110850
889448
4275096
6657325
54177
1637775
6115476
3495285
7204384
1954527
1424531
2351193
5018251
107553
6256624
3902122
5383582
6349227
8230110
6220134
6677053
3746960
2868348
1277324
1282980
3801418
7377335
2770737
4149217
4698003
5529209
3403397
5814160
1796034
840576
162845
7270692
3122656
1155251
948027
4981885
2615446
868053
3935891
9122161
2472823
2609865
4453775
3336666
9076291
422909
6850223
6590581
2593863
1815211
1516785
6206301
8445495
6319088
630582
6886856
7375869
8202182
6449419
3907323
1116340
4427683
239027
7497341
5835403
9766367
2414860
485506
9909899
2391299
2891700
6110697
9611360
10076852
4912195
9617914
7768040
1044136
9029408
10455395
7597389
5284024
4100655
10360633
4531342
4505049
7900268
7983407
2150422
2651082
89169
8614901
2944219
4156066
3303250
9411283
9171764
2909117
1021795
11071887
5262813
7297050
1798851
7996572
2444696
5093759
6579685
9169936
10125542
11006518
10432368
4775516
9703581
3831559
1417983
1665509
26553
2046139
636719
7449134
1588555
7000829
2243051
11435221
1521688
3646129
9093173
1661743
148448
4665717
5686982
11411946
8257915
10120784
1894953
7334837
8602408
5275850
446546
12357735
3274178
12181554
293867
7581478
9463377
11649409
10778108
3708518
12156223
6014875
10831956
9929954
723624
1575826
6716260
924841
7744992
12781093
1497013
4111904
11317829
465649
4510527
4235569
3652635
3425037
2877290
8484975
2600610
6656460
4882054
11307320
10402506
3962900
9686347
2190072
1092519
9873365
8510296
4984784
1514172
8642411
8081761
6537326
4724248
2829330
6277934
5795007
898785
11703560
709365
356150
10296957
12055897
2818775
3018227
10653429
4036786
12428825
13173956
7117354
11082581
12812745
4576206
1777575
4001253
13738019
7283959
12790876
9635599
10949951
10279739
3398836
6497045
10714597
5334992
11476357
2783280
3131356
7651408
1106927
3385555
9849911
12893472
6664517
13674609
12555178
13344702
14383040
3050956
13821432
644192
9694410
7173065
15466971
3683643
5919449
14805836
1446329
9098318
13197537
5556915
15756261
3984032
4135577
8059160
4568666
5037379
3070061
6007319
1657517
3314730
6065343
4479651
442627
14012158
815878
3904788
10661057
1262514
8193395
2398911
6805959
6301552
168188
8854289
8879902
5471383
4005577
8427897
3787156
10707963
13381659
12556998
5315945
16680450
14289798
13307816
16310233
5643160
13083115
13857625
7575668
1433331
9928199
12160211
1272252
13296978
3716513
13763882
3738766
11267775
14316077
4907635
15638722
9771672
4022106
538151
12325174
1613659
8053720
15727921
10418388
5890401
14987259
4270518
11646901
5932453
12958973
12991013
11872153
8316240
11604152
11771450
12164466
9779283
3604002
2050462
3361507
10410149
12638203
10893514
17314093
136923
18147877
7340228
9766399
12336532
5121876
4657690
9309326
16671935
9173277
10511958
15644775
4265246
1015611
16739571
8614938
16197477
9095220
1364977
9119555
17842785
18464260
11959647
17955334
2806713
16785992
8589526
18802238
5400968
3985255
5719107
16424928
7152409
12034121
1854534
267252
10057312
9483113
4202655
17675113
16360018
3419732
11928879
6801653
10492095
6980421
12539615
13490268
1689902
17359369
18546890
2062837
19322622
12917839
7671554
68262
4398870
18155899
9966901
19534163
16584035
9798656
7389360
10096256
3134352
18127696
4987280
20082567
740792
4710216
11401844
18627996
9333664
7157571
13608165
17128788
2391517
12767933
4070199
1133670
13861774
2294134
236094
18449782
7325957
157876
9323306
8236193
21260397
11682744
14077753
738698
11971154
11949487
13302888
17842131
242508
17863607
20392814
5294336
4464772
21417784
2658871
266540
18879681
10792542
15775236
8840190
13587884
5117413
300801
258356
11867496
6351496
14645410
6283992
1476719
1122352
16221443
22200308
22079219
15659306
902166
7928252
2741967
5411140
12111463
19315264
10887371
21052013
17221131
22290196
11265965
1719350
2100614
20074482
16429306
17495601
1627833
15670261
11166896
2936306
13439665
21065247
5901296
19002083
2349823
10425903
19610245
13437071
2507841
21044678
15290552
22188914
4209594
13303998
14143140
886921
16011526
8503596
6741064
2650660
17850532
1182105
22502983
19095633
198645
11264285
7619087
19354750
13352677
20665476
2088477
11049291
17803749
7038569
21440438
11240654
11822613
19319349
6935428
6640313
21478147
6521021
16811883
21352457
1008027
14471490
15194115
9696149
11572679
16148085
22947574
20292421
24409455
23767941
6495700
11954556
16052275
22978618
1773694
23290655
24103318
24725574
13189163
24175059
8376645
3754469
19302043
17074653
16194571
17278393
19656460
3011582
22610274
12797438
9375787
1631650
12273946
7290556
13387339
9292397
21471063
4676088
1428218
3801060
1414068
21437479
15364713
17019649
13918132
7728352
21482112
13735555
11392770
9193231
23231457
19716741
26095628
21633911
16251725
7139089
6121505
12415261
16656982
10666808
7486933
8462316
25719302
12759445
17545559
13267411
10120153
24469970
2066816
6994363
3179395
4030834
1401545
6460480
21196950
6824514
7940655
6318621
8365246
12368052
13577298
6414470
22562017
632017
19874751
10020921
1393461
10801529
22170071
11449327
4564061
9681654
13230646
1899023
26300906
2766060
22484563
1800371
17064306
5708380
24806822
6410134
2942977
20455263
7133949
579065
20403840
7025904
13768224
7729441
25258533
27409051
12126644
19913636
20992814
910996
11723802
23884238
24451046
2055397
6635766
6715774
23117272
18870802
23180520
19890654
9777076
24274414
23293095
22320579
27539807
3438064
19464967
17540377
7198395
17812659
28788528
16498213
22160119
28178376
28083070
17967045
903254
14116469
12031236
13435149
5974493
27741548
6261596
21167317
24574226
15458053
19994052
13935673
25185082
21653039
2425152
11888563
12961518
21802165
21116875
28690377
17118929
21761449
18885887
24960869
18600802
14783298
29445295
23551443
12668143
14972594
8783039
18311260
19981721
8879778
1670666
22006219
20873213
2344712
27866560
4714957
23193700
2122966
10956302
28938185
28858849
8475306
12979358
19735614
14062615
27585649
25975139
6678626
15987206
3080928
19702107
3759587
30445385
3915820
16378722
30863001
6497806
18156781
30532389
7813143
4482107
13035587
6805174
26472292
10264701
1976607
8775368
21182181
15940393
23340246
3167569
31244508
14386629
14802881
2748666
12007401
11101035
21930031
26193477
21034186
15151024
8009351
5427693
32013935
28660263
4842393
24230262
31079113
1364631
21866555
9361963
4637686
1176687
1967443
7657637
4805672
28001711
21994652
17345593
30580582
13206946
17676631
15286021
25534447
